     P,atm     H,km     N,cm-3      T,K
9.0896e+01     0.00 8.9787e+20  735.300 
8.5319e+01     1.00 8.5311e+20  727.700 
8.0030e+01     2.00 8.1001e+20  720.200 
7.5016e+01     3.00 7.6871e+20  712.400 
7.0269e+01     4.00 7.2922e+20  704.600 
6.5778e+01     5.00 6.9111e+20  696.800 
6.1535e+01     6.00 6.5466e+20  688.800 
5.7518e+01     7.00 6.1960e+20  681.100 
5.3728e+01     8.00 5.8565e+20  673.600 
5.0146e+01     9.00 5.5363e+20  665.800 
4.6770e+01    10.00 5.2273e+20  658.200 
4.3583e+01    11.00 4.9307e+20  650.600 
4.0582e+01    12.00 4.6480e+20  643.200 
3.7760e+01    13.00 4.3792e+20  635.500 
3.5105e+01    14.00 4.1214e+20  628.100 
3.2608e+01    15.00 3.8734e+20  620.800 
3.0259e+01    16.00 3.6405e+20  613.300 
2.8058e+01    17.00 3.4202e+20  605.200 
2.5986e+01    18.00 3.2123e+20  597.100 
2.4041e+01    19.00 3.0128e+20  589.300 
2.2226e+01    20.00 2.8257e+20  580.700 
2.0518e+01    21.00 2.6483e+20  572.400 
1.8919e+01    22.00 2.4778e+20  564.300 
1.7429e+01    23.00 2.3157e+20  556.000 
1.6037e+01    24.00 2.1647e+20  547.500 
1.4735e+01    25.00 2.0191e+20  539.200 
1.3521e+01    26.00 1.8833e+20  530.700 
1.2396e+01    27.00 1.7531e+20  522.300 
1.1340e+01    28.00 1.6311e+20  512.800 
1.0363e+01    29.00 1.5147e+20  505.600 
9.4557e+00    30.00 1.4066e+20  496.900 
8.6149e+00    31.00 1.3035e+20  488.300 
7.8362e+00    32.00 1.2062e+20  479.900 
7.1167e+00    33.00 1.1143e+20  471.700 
6.4515e+00    34.00 1.0283e+20  463.400 
5.8396e+00    35.00 9.4665e+19  455.500 
5.2761e+00    36.00 8.6946e+19  448.000 
4.7589e+00    37.00 7.9851e+19  439.900 
4.2852e+00    38.00 7.3116e+19  432.500 
3.8520e+00    39.00 6.6838e+19  425.100 
3.4552e+00    40.00 6.1031e+19  417.600 
3.0940e+00    41.00 5.5641e+19  410.000 
2.7654e+00    42.00 5.0527e+19  403.500 
2.4663e+00    43.00 4.5774e+19  397.100 
2.1969e+00    44.00 4.1367e+19  391.200 
1.9531e+00    45.00 3.7320e+19  385.400 
1.7330e+00    46.00 3.3620e+19  379.700 
1.5357e+00    47.00 3.0294e+19  373.100 
1.3570e+00    48.00 2.7259e+19  366.400 
1.1971e+00    49.00 2.4515e+19  358.600 
1.0521e+00    50.00 2.2090e+19  350.500 
9.2248e-01    51.00 1.9845e+19  342.000 
8.0602e-01    52.00 1.7794e+19  333.300 
7.0160e-01    53.00 1.5978e+19  323.000 
6.0794e-01    54.00 1.4302e+19  312.800 
5.2445e-01    55.00 1.2759e+19  302.300 
4.4994e-01    56.00 1.1340e+19  291.800 
3.8401e-01    57.00 9.9945e+18  282.500 
3.2628e-01    58.00 8.7154e+18  275.200 
2.7594e-01    59.00 7.5499e+18  268.700 
2.3262e-01    60.00 6.5050e+18  262.800 
1.9516e-01    61.00 5.5452e+18  258.650 
1.6373e-01    62.00 4.7270e+18  254.500 
1.3667e-01    63.00 4.0005e+18  249.950 
1.1409e-01    64.00 3.3856e+18  245.400 
9.4731e-02    65.00 2.8482e+18  243.200 
7.8658e-02    66.00 2.3961e+18  241.000 
6.5027e-02    67.00 2.0045e+18  238.200 
5.3758e-02    68.00 1.6768e+18  235.400 
4.4246e-02    69.00 1.3966e+18  232.600 
3.6417e-02    70.00 1.1631e+18  229.800 
2.9831e-02    71.00 9.6481e+17  226.950 
2.4436e-02    72.00 8.0031e+17  224.100 
1.9918e-02    73.00 6.6046e+17  221.350 
1.6235e-02    74.00 5.4504e+17  218.600 
1.3161e-02    75.00 4.4849e+17  215.350 
1.0669e-02    76.00 3.6904e+17  212.100 
8.5918e-03    77.00 3.0206e+17  208.700 
6.9193e-03    78.00 2.4723e+17  205.300 
5.5286e-03    79.00 2.0158e+17  201.200 
4.4175e-03    80.00 1.6436e+17  197.100 
3.4989e-03    81.00 1.3265e+17  193.500 
2.7713e-03    82.00 1.0705e+17  189.900 
2.1771e-03    83.00 8.5488e+16  186.850 
1.7103e-03    84.00 6.8265e+16  183.800 
1.3332e-03    85.00 5.4050e+16  181.000 
1.0392e-03    86.00 4.2794e+16  178.200 
8.0460e-04    87.00 3.3550e+16  175.900 
6.2295e-04    88.00 2.6303e+16  173.600 
4.7926e-04    89.00 2.0483e+16  171.500 
3.6871e-04    90.00 1.5951e+16  169.400 
2.8236e-04    91.00 1.2293e+16  168.300 
2.1623e-04    92.00 9.4735e+15  167.200 
1.6534e-04    93.00 7.2421e+15  167.200 
1.2642e-04    94.00 5.5363e+15  167.200 
9.6859e-05    95.00 4.2135e+15  168.200 
7.4207e-05    96.00 3.2068e+15  169.200 
5.7088e-05    97.00 2.4467e+15  170.600 
4.3918e-05    98.00 1.8667e+15  172.000 
3.3955e-05    99.00 1.4287e+15  173.700 
2.6252e-05   100.00 1.0934e+15  175.400 
